3012    2700    450
2098    3150    380
3123    2250    520
3056    3600    250
2011    1800    600
3187    4050    150
3074    2700    500
2039    3150    420
3091    2250    390
3145    3600    610
2067    2700    300
3108    3150    470
2024    2250    410
3162    3600    580
3003    1800    200
3119    4050    530
2086    2700    360
3173    3150    290
3044    2250    480
3136    3600    550
2072    2700    330
3027    3150    410
3190    2250    600
2018    3600    240
3065    1800    700
3158    4050    320
2093    2700    450
3182    3150    380
3031    2250    520
3127    3600    260
2049    2700    500
3079    3150    410
3104    2250    390
2081    3600    610
3015    1800    270
3179    4050    560
2056    2700    300
3096    3150    480
3132    2250    520
2007    3600    420
3188    2700    350
3021    3150    450
2075    2250    390
3111    3600    610
3048    1800    220
3165    4050    580
2090    2700    430
3019    3150    360
3129    2250    500
2063    3600    470
3082    2700    410
3148    3150    530
2035    2250    480
3195    3600    600
3008    1800    300
3170    4050    550
2089    2700    420
3061    3150    380
3137    2250    510
2013    3600    460
3181    2700    340
3029    3150    470
2078    2250    390
3115    3600    620
3042    1800    210
3169    4050    570
2096    2700    450
3016    3150    370
3124    2250    500
2060    3600    480
3087    2700    420
3141    3150    510
2037    2250    460
3193    3600    590
3006    1800    260
3176    4050    540
2084    2700    400
3068    3150    380
3134    2250    520
2002    3600    450