12    4454
6    4544
3139    10123
3021    10456
2063    10901
3151    11012
3144    11234
3042    12098
2062    13579
2094    18789
2003    19890
2068    20901
2025    21012
3198    21234
3088    21345
3192    22345
3055    23456
3049    24680
2029    31012
2081    32123
3184    33234
3107    33456
2037    36912
3037    36912
2040    42123
2047    43234
3163    43456
3059    44554
3168    44567
3055    45545
3019    45678
3059    48293
2087    53234
2032    54345
3187    54567
3109    55456
3113    55678
3030    56789
2035    64345
3070    65432
2070    65456
3120    65678
2077    66567
3180    66789
3083    67890
3006    75319
2073    75456
3007    76543
2019    76567
2014    77678
3126    77890
3003    78901
3081    86420
2011    86567
3011    87654
2056    87678
3178    87890
3155    88901
2099    88789
3098    89321
3066    91234
7943    92734
2052    97678
2091    98789
3171    99012
3028    99876
2008    99890
